1172 1953 2105
10 17 39 47 50 110 150 153 222 253 261 265 266 273 296 314 349 350 454 468 480 500 508 509 515 527 537 551 585 589 590 592 661 720
110 296 318 356 778 1197 1235 1378 1721 1884 2028 2318 2841 2858 2959 3510 3949 48783 50068 84236
10 34 112 141 153 260 289 296 349 356 357 364 367 434 440 442 464 480 541 588 589 594 596 610 616 858 903 910 913 919 1011 1016 1022 1028 1030 1031 1032 1033 1036 1073 1079 1089 1097 1125 1127 1136 1194 1196 1197 1198 1200 1206 1208 1210 1213 1214 1219 1220 1222 1225 1230 1240 1243 1257 1258 1259 1265 1270 1278 1282 1285 1288 1291 1298 1307 1332 1334 1344 1356 1371 1374 1380 1387 1388 1396 1580 1663 1674 1858 1917 1953 1954 1961 1968 1994 2000 2005 2014 2018 2020 2021 2033 2034 2046 2064 2078 2080 2081 2085 2086 2087 2091 2094 2096 2100 2102 2105 2109 2114 2115 2124 2140 2141 2143 2144 2161 2174 2194 2248 2268 2289 2348 2371 2403 2406 2409 2454 2467 2551 2628 2640 2683 2699 2716 2723 2734 2788 2791 2795 2797 2804 2872 2877 2916 2918 2968 2987 2991 3034 3039 3040 3060 3071 3101 3104 3108 3169 3210 3251 3255 3265
3 39 104 141 150 277 356 364 367 377 440 500 586 595 597 919 1022 1035 1247 1307 1380 1485 1682 1721 1777 1784 1923 1961 1968 2081 2273 2294 2424 2683 2694 2706 3408 3897 4014 4018 4025 4447 4995 5299 5349 5464 5679 5995 6373 6377 6502 6942 8376 8464 8636 8644 30707 30749 33166 33679 34162 35836 40819 41566 41569 48385
111 293 596 903 1204 1250 1259 1276 1285 2019 2072 2174 2529 2692 2761 3114 5952 7153 7361 8636 8874
34 40 110 112 141 151 260 318 380 480 534 541 551 588 590 594 671 720 745 924 1079 1080 1136 1148 1196 1198 1210 1220 1223 1225 1231 1240 1242 1275 1287 1288 1302 1374 1405
32 47 50 110 296 318 356 457 527 543 589 593 628 858 1197 1198 1210 1219 1225 1258 1259 1270 1291 1387 1500 1625 1674 1704 1777 1961 2028 2194 2302 2324 2329 2502 2571 2762 2791 2858 2918 2959 3147 3578 3948 3996 4011 4034 4226 4262 4963 4973 5064 5445 5464 5630 5650 5952 6377 6870 6874 7153 7361 7438 8784 8873 33166 33493 33794
1 17 36 318 497 515 527 534 593 608 1059 1357 1358 1584 1680 1682 1704 1784 2028 2125 2140 2249 2278 2291 2302 2391 2396 2501 2571 2762 2857
50 152 318 345 735 1127 1196 1197 1198 1200 1210 1240 1291 1358 1423 1611 1704 1719 1923 2344 2406 2539 2571 2826 2841 2890 2926 3019
50 126 296 778 923 1027 1201 1408 2596 6598 26614 48516 51084 58295 77455 79132 80489 81158 88129 91500 91529 91548 96079 96861 97938 104841 106487
736 1215 1220 1235 1387 2460 2959 3298 3408 3474 3793 3798 3825 3831 3863 3865 3879 6184
1 110 277 318 356 362 527 531 590 914 1259 1961 2355 2761 3147 4306 4310 4878 4993 5989 6377 7361 7502 58559 64614 69757 78499 81834 88125
1196 3114 3175 3751 3988
5 6 21 32 47 50 82 101 111 123 149 162 164 175 176 215 223 232 233 235 246 260 293 296 300 306 307 308 364 377 380 431 441 457 494 527 541 549 555 589 592 593 608 648 750 778 800 803 851 858 866 899 903 904 908 909 911 912 913 923 924 994 1036 1041 1060 1079 1089 1094 1095 1097 1127 1171 1176 1179 1186 1193 1196 1198 1200 1203 1206 1208 1209 1210 1214 1218 1221 1222 1223 1225 1228 1231 1234 1244 1247 1250 1252 1258 1263 1265 1266 1267 1270 1288 1289 1291 1293 1297 1307 1387 1394 1396 1407 1449 1464 1466 1546 1573 1580 1584 1617 1625 1635 1639 1676 1689 1704 1717 1719 1748 1827 1845 1859 1860 1883 1912 1921 1923 1945 1955 1956 1968 1997 2005 2006 2019 2064 2105 2108 2115 2174 2194 2232 2243 2289 2318 2395 2413 2478 2502 2571 2572 2594 2640 2671 2712 2716 2770 2791 2797 2858 2871 2890 2905 2912 2916 2918 2925 2947 2949 2959 2973 2983 2987 2993 2997 3000 3006 3010 3030 3033 3039 3060 3083 3101 3104 3108 3128 3175 3210 3246 3261 3265 3266 3298 3300 3301 3317 3320 3328 3409 3471 3476 3481 3504 3505 3536 3569 3571 3617 3633 3683 3707 3728 3730 3785 3794 3868 3882 3915 3948 3949 3952 3983 3984 3987 3994 3996 4015 4017 4029 4033 4034 4056 4066 4079 4144 4210 4226 4235 4271 4302 4322 4361 4446 4489 4623 4678 4713 4718 4728 4731 4873 4878 4886 4901 4903 4914 4963 4979 4993 5010 5071 5075 5135 5269 5377 5445 5477 5500 5515 5662 5669 5679 5792 5893 5902 5952 5957 5995 6271 6327 6641 6787 6816 6932 6944 6957 6975 7034 7361 7484 8264 8361 8638 8914 8917 8949 26131 26152 26587 26729 27660 27846 33493 33794 38061 39292 42718 44199 44788 45666 48385 48774 48780 49272 51080 51540 53996 54372 54881 56563 57640 58559 59126 59315 60069 60684 62511 65642 67997 68159 68358 68791 69481 69524 70286 70336 72998 74649 76093 77455 78574 79132 80489 80906 83827 85414 85774 86781 86833 87222 87520 88744 89492 90428 90531 91653 91658 94677 99811 100556 103228 104879 106920 107406 107910 110102 111364 111443 111622 111759 111781 112556 112623 112852 114635 115149 115569 116897 117529 121231 134368 134393 140174 140267 149406 159858 160567
50 318 337 527 750 1653 1704 2012 2539 2706 2858 3623 4231 4246 4718 4738 4772 4823 4995 5445 6016 6711 7346
6 25 29 32 36 47 50 111 170 194 198 235 293 296 318 431 492 527 541 555 593 680 714 778 858 866 903 904 908 912 913 922 923 924 928 931 1077 1089 1092 1136 1175 1193 1199 1206 1212 1213 1218 1220 1221 1230 1232 1235 1237 1244 1245 1246 1248 1252 1263 1265 1267 1270 1298 1348 1411 1464 1466 1617 1625 1627 1653 1673 1674 1704 1732 1748 1834 1884 1921 1997 2010 2011 2012 2023 2066 2067 2076 2117 2118 2160 2204 2232 2324 2329 2396 2455 2467 2490 2551 2571 2579 2594 2600 2677 2692 2726 2762 2858 2916 2959 2973 2997 3018 3134 3147 3262 3267 3328 3386 3435 3476 3503 3535 3578 3598 3676 3735 3742 3788 3949 3994 3996 4034 4037 4226 4262 4404 4437 4546 4552 4645 4725 4848 4878 4914 4963 4973 4975 4993 5015 5017 5054 5062 5105 5137 5388 5445 5464 5608 5630 5669 5679 5782 5867 5881 5949 5952 6016 6140 6197 6242 6385 6530 6538 6643 6666 6757 6774 6777 6874 6971 6987 6993 7003 7022 7068 7069 7090 7115 7116 7123 7135 7153 7223 7254 7361 7371 7438 7587 7700 7728 7771 7792 7827 7981 8228 8477 8600 8798 8914 8950 8958 27317 27721 27773 27834 31410 31952 32587 34437
6 17 25 32 62 85 86 100 141 608 628 653 708 733 785 786 802 805 849
14 16 34 47 50 70 97 111 145 154 159 160 162 176 194 223 229 230 246 247 260 261 262 288 292 293 296 306 307 308 318 326 328 334 339 348 356 357 361 373 429 431 456 457 464 465 468 480 493 501 509 515 527 531 534 535 541 547 551 592 594 595 596 599 608 610 661 663 674 750 858 898 903 904 908 911 913 915 916 917 920 923 924 928 929 930 940 950 951 953 954 955 965 966 968 969 982 1019 1022 1023 1029 1035 1036 1041 1060 1073 1079 1084 1086 1089 1090 1094 1095 1097 1103 1104 1128 1130 1136 1148 1176 1178 1179 1185 1193 1196 1198 1199 1200 1201 1203 1204 1206 1207 1208 1210 1211 1212 1213 1214 1215 1217 1218 1219 1220 1221 1222 1225 1228 1230 1231 1233 1237 1238 1240 1242 1244 1248 1249 1250 1252 1253 1254 1257 1258 1260 1261 1262 1263 1265 1266 1267 1269 1270 1274 1276 1278 1282 1283 1284 1286 1287 1288 1292 1297 1299 1333 1343 1344 1345 1348 1354 1357 1370 1371 1375 1387 1394 4970
153 318 380 457 497 592 595 597 671 720 745 750 780 1103 1136 1148 1198 1204 1207 1269 1580 1680 1907 1960 2405 2571 2690 3406 4993 5380 5747 6201 6385 6516 6753 7153 7212 8191 26111 31116 32469 38038 51471 54259 58047 59784 64285
32 34 47 112 151 356 377 509 527 589 590 593 750 858 912 913 914 918 919 920 921 923 924 953 954 969 1035 1036 1090 1124 1125 1136 1148 1173 1175 1196 1198 1199 1200 1203 1206 1208 1210 1214 1217 1224 1225 1228 1240 1246 1250 1254 1259 1263 1270 1281 1283 1287 1288 1291 1292 1296 1302 1303 1321 1374 1394
32 163 253 260 296 457 480 541 551 555 589 592 593 648 858 1089 1196 1198 1200 1210 1215 1240 1255 1270 1291 1339 1356 1372 1375 1376 1377 1387 1527 1580 1799 1884 2174 2288 2291 2459 2542 2571 2712 2762 2858 2959 2987 3033 3081 3213 3355 3527 3535 3793 3868 4011 4105 4226 4306 4701 4886 4975 4993 5026 5349 5445 5630 5679 5903 5952 6286 6333 6539 6874 7143 7147 7153 7438 7482 8636 8950 8957 30793 31184 31696 32587 37729
16 32 47 50 62 89 111 154 224 235 236 246 247 252 260 262 293 296 300 318 319 337 345 356 380 492 497 508 509 535 588 593 595 605 608 648 668 670 745 750 778 841 858 898 899 904 905 908 910 911 912 913 922 923 926 928 930 931 942 953 954 1041 1059 1077 1078 1080 1084 1090 1097 1103 1104 1136 1172 1178 1183 1188 1193 1196 1197 1198 1201 1202 1203 1204 1206 1208 1210 1213 1217 1219 1221 1225 1228 1230 1231 1232 1237 1246 1247 1248 1250 1251 1252 1260 1262 1265 1267 1269 1270 1280 1284 1287 1293 1304 1305 1307 1343 1354 1393 1394 1500 1584 1617 1625 1673 1682 1693 1721 1732 1735 1748 1860 1931 1935 1944 1945 1946 1947 1950 1952 1955 1961 2011 2012 2019 2022 2028 2068 2115 2132 2176 2181 2186 2203 2278 2289 2291 2321 2351 2357 2361 2396 2406 2467 2501 2502 2571 2600 2640 2648 2692 2702 2712 2726 2728 2730 2731 2739 2762 2890 2905 2918 2932 2970 2976 2997 3006 3067 3083 3089 3159 3160 3168 3176 3245 3246 3252 3307 3310 3317 3386 3408 3424 3435 3448 3462 3471 3498 3535 3546 3578 3629 3736 3751 3788 3897 3910 3949 3983 3989 3994 3996 4007 4008 4011 4225 4226 4235 4267 4308 4378 4641 4720 4823 4848 4914 4963 4967 4973 4978 4979 4993 4995 5013 5114 5135 5147 5177 5222 5225 5266 5291 5367 5446 5502 5633 5669 5673 5810 5878 5881 5902 5940 5949 5952 5971 5989 5992 5995 6001 6016 6218 6235 6281 6365 6539 6591 6611 6643 6669 6783 6787 6873 6874 6881 6890 6918 6932 6975 6985 6987 7013 7038 7063 7070 7072 7088 7090 7136 7147 7153 7234 7265 7323 7361 7371 7587 7766 7771 8042 8125 8368 8376 8873 8910 8955 8958 8970 8973 25769 26052 26131 26242 26729 27803 30749 30820 31101 32892 33166 33493 34326 36535 37741 38038 39183 39231 39292 39869 40583 40629 41285 41997 42004 44191 44204
6 81 165 296 356 380 457 590 648 780 786 1161
32 104 260 778 780 802 1073 1358
1 32 47 50 69 318 356 589 778 858 1198 1527 1732 1884 2329 2355 2542 2571 2692 2858 2959 3114 3275 3744 4011 4019 4226 4306 4776 4865 4979 5110 5218 5418 5608 5952 6016 6867 6874 7323 7445 8665 8798 8961 27831 31878 32587 33794 36529 38061 41997 44191 44195 44199 46976 47610 48516 48780 49272 49530 50872 51662 52604 52952 53129 54286 55247 58559 59369 59784 60684 62849 65514 73587 82459 92259
50 73 111 296 527 593 1213 1343 1584 1610 1639 1704 1892 2501 2502 2712 2762 2858
21 58 110 345 898 899 902 904 908 909 913 920 924 926 933 1059 1079 1094 1203 1206 1219 1225 1250 1252 1267 1296 1300 1366 1610 1617 1674 1883 1945 1956 2109 2202 2291 2300 2324 2470 2571 2583 2662
778 2571 3720 6502 27822 51662 58559
1 6 8 11 14 16 21 23 25 34 47 50 52 70 100 110 111 141 150 161 165 170 224 235 253 260 261 272 281 282 296 300 317 318 337 348 349 350 356 357 368 371 377 380 382 410 412 424 425 428 434 440 445 451 454 457 459 463 471 472 474 477 480 485 492 500 507 508 509 515 517 527 534 535 538 540 541 553 555 556 586 588 589 590 592 593 595 596 597 608 628 647 733 736 767 780 800 805 832 858 898 899 903 904 908 912 913 914 919 920 921 922 923 924 928 947 950 953 954 969 971 1006 1013 1025 1028 1035 1036 1042 1079 1081 1082 1084 1086 1088 1089 1090 1092 1094 1095 1096 1097 1101 1104 1120 1124 1179 1181 1186 1193 1196 1198 1207 1208 1210 1213 1214 1219 1220 1221 1222 1225 1226 1227 1228 1231 1234 1240 1242 1244 1245 1246 1247 1250 1252 1258 1259 1263 1265 1266 1267 1270 1271 1272 1276 1277 1283 1285 1291 1292 1302 1303 1304 1307 1321 1327 1332 1333 1334 1339 1343 1346 1350 1352 1358 1366 1370 1378 1380 1387 1393 1394 1395 1396 1422 1459 1461 1466 1485 1488 1508 1523 1552 1566 1580 1584 1598 1608 1610 1617 1620 1624 1645 1672 1673 1674 1682 1686 1694 1701 1704 1711 1721 1729 1747 1783 1784 1785 1791 1805 1834 1873 1876 1892 1912 1917 1923 1945 1947 1951 1952 1953 1954 1955 1956 1957 1960 1961 1962 1965 1968 1994 1997 2000 2001 2011 2023 2025 2028 2064 2065 2070 2076 2081 2083 2094 2108 2114 2115 2118 2120 2124 2126 2146 2160 2166 2174 2183 2184 2194 2231 2240 2243 2245 2247 2249 2252 2267 2268 2269 2289 2291 2300 2301 2302 2307 2313 2320 2321 2336 2352 2353 2355 2369 2376 2391 2396 2398 2407 2409 2410 2411 2412 2424 2432 2433 2454 2457 2463 2470 2474 2490 2520 2524 2529 2535 2539 2561 2598 2599 2605 2611 2639 2640 2641 2671 2687 2688 2712 2716 2729 2730 2739 2741 2746 2749 2750 2762 2763 2782 2787 2795 2797 2802 2803 2804 2805 2819 2829 2841 2852 2856 2858 2861 2871 2875 2881 2883 2890 2908 2912 2916 2917 2918 2929 2944 2947 2952 2956 2959 2966 2967 2971 2973 2985 2987 2989 2991 3006 3020 3032 3035 3038 3039 3053 3068 3071 3072 3074 3098 3101 3102 3104 3105 3107 3111 3114 3120 3141 3147 3152 3156 3160 3167 3174 3176 3197 3198 3204 3206 3210 3219 3244 3246 3249 3252 3253 3255 3256 3263 3274 3296 3298 3308 3334 3354 3358 3359 3360 3361 3362 3363 3370 3386 3395 3418 3420 3421 3426 3428 3448 3451 3468 3478 3489 3498 3499 3500 3504 3505 3507 3513 3526 3529 3536 3537 3543 3545 3546 3548 3549 3551 3556 3557 3578 3608 3613 3614 3618 3638 3649 3671 3683 3684 3685 3686 3702 3712 3713 3724 3734 3735 3751 3753 3783 3791 3826 3834 3844 3852 3859 3873 3897 3927 3948 3952 3983 3994 3996 4002 4007 4008 4009 4011 4014 4018 4022 4027 4029 4033 4034 4037 4041 4055 4060 4062 4085 4086 4088 4102 4111 4122 4126 4128 4148 4190 4211 4239 4246 4262 4263 4276 4280 4292 4306 4308 4310 4318 4321 4322 4326 4344 4345 4354 4361 4370 4406 4410 4447 4464 4465 4482 4486 4489 4496 4498 4499 4503 4522 4524 4557 4564 4570 4573 4608 4617 4628 4639 4643 4661 4700 4709 4710 4733 4751 4776 4787 4803 4815 4830 4835 4881 4886 4889 4896 4898 4932 4954 4960 4963 4971 4978 4979 4995 5015 5049 5064 5111 5120 5122 5152 5161 5172 5187 5198 5208 5237 5250 5276 5293 5297 5299 5308 5334 5344 5359 5364 5388 5391 5400 5445 5464 5506 5534 5544 5548 5561 5620 5630 5670 5680 5689 5696 5699 5705 5707 5712 5723 5732 5742 5745 5812 5843 5846 5847 5854 5869 5902 5927 5933 5938 5945 5956 5960 5961 5968 5989 5991 6001 6027 6127 6237 6238 6281 6308 6345 6419 6422 6436 6440 6452 6473 6565
31 32 111 260 296 318 379 527 541 858 904 1089 1197 1206 1208 1221 1234 1299 1378 1957 1967 2028 2248 2329 2502 2571 2692 2959 2997 3698 3755 3897 3911 4886 4993 5418 5952 6711 7153 7361 8961 33154 33794 44191 44195 48394 50872 54503 55280 55820 58559 59315 64614 72226 72998 74789 76251
2 31 110 150 153 165 204 208 231 261 292 337 344 349 356 367 377 440 442 457 480 553 589 590 592
344 532 562 832 908 1060 1091 1120 1186 1197 1198 1230 1258 1259 1285 1291 1407 1784 1982 1983 1994 2005 2006 2064 2145 2329 2371 2470 2502 2541 2599 2787 2795 2917 2918 2959 2997 3007 3298 3608 3617 3794 3852 3868 3911 4016 4017 4214 4251 4333 4340 4450 4483 4509 4621 4649 4652 4662 4679 4718 4878 4890 4898 4929 4975 5015 5074 5282 5339 5483 5669 5673
21 32 47 50 70 110 150 253 260 288 293 296 316 337 482 527 541 555 556 562 581 589 593 595 608 610 678 724 750 858 912 913 923 924 940 969 1036 1059 1089 1090 1092 1103 1104 1129 1147 1178 1193 1198 1200 1201 1204 1206 1207 1208 1213 1214 1219 1221 1222 1231 1240 1247 1250 1252 1253 1254 1258 1259 1262 1263 1267 1272 1276 1287 1299 1321 1339 1358 1396 1407 1589 1610 1617 1653 1923 1931 1997 2009 2028 2064 2076 2105 2288 2289 2311 2366 2396 2527 2529 2571 2599 2644 2648 2657 2662 2762 2858 2863 2871 2901 2908 2916 2921 2951 2971 2987 3032 3035 3062 3074 3168 3196 3361 3386 3467 3468 3471 3504 3508 3527 3551 3634 3702 3703 3706 3727 3811 3917 3927
468 838 2278 3072
18 25 32 36 45 50 55 57 58 68 111 144 223 232 242 246 249 253 260 261 265 272 288 293 296 300 306 307 308 315 318 321 334 345 357 362 412 431 469 475 481 508 509 521 527 531 534 593 720 778 838 1356
1 364 595 912 920 1193 1246 1307 1907 2028 2081 2085 2858 3357 3481 3538 3564 3948 3996 4014 4018 4034 4069
16 47 110 293 296 306 318 356 364 365 527 588 593 778 838 858 926 1078 1080 1136 1172 1213 1221 1244 1289 1682 2068 2075 2131 2324 2571 2641 2686 2750 2858 2959 3328 3578 3677 4114 4226 4422 4973 4993 4995 5349 5418 5952 6107 6539 6870 6874 6953 7063 7089 7153 7234 7327 7396 7936 7941 8154 8197 8239 8656 26587 33794 44555 48682 49530 55118 58559 59447 60069 64614 69761 71180 73344 76111 79132 86781 89759 96829 97826 98587 100843 102753 103980 105197 105355 105769 106487 106782 107555 109374 110102 110586 134130
6 10 16 22 47 70 110 150 162 165 177 180 198 220 223 231 253 285 288 293 296 315 316 328 344 353 380 434 457 553 555 606 611 648 662 663 743
50 260 1136 1196 1197 1198 2959 4226 4993 7153 7361 8874 8961 33794 38061 44191 48516 48774 48780 49272 51255 51540 55820 58559 68157 68237 68954 70286 79132 79702 99114 106920 109487 112556 116797 122882 122886 122904 127202 134130 152077 152081
29 110 130 165 173 208 233 253 260 262 327 329 332 353 377 380 435 457 541 592 648 674 736 780 849 917 919 924 1073 1077 1097 1129 1196 1200 1210 1214 1220 1222 1240 1270 1298 1320 1356 1372 1373 1374 1375 1376 1437 1527 1545 1580 1591 1676 1690 1719 1748 1772 1880 1917 1997 2009 2011 2025 2105 2117 2174 2311 2522 2528 2529 2553 2571 2640 2808 2858 2877 2918 2950 3033 3156 3175 3300 3471 3479 3556 3593 3702 3703 3704 3793 3910 4039 4232 4306 4370 4446 4553 4678 4789 4811 4936 5219 5445 5518 5522 5618 5705 5903 5981 6116 6157 6303 6316 6333 6365 6385 6541 6645 6725 6863 6934 6951 6979 7001 7060 7164 7373 7991 8371 8499 8633 8644 8861
110 260 296 318 349 356 457 480 527 588 589 648 780 1036 1097 1196 1198 1200 1210 1291 1527 1704 1721 2028 2916 2985 4886 4993 5349 5952 7153 7502 8636 8961 44191 48394 48516 58559 59315 69844 70286 73017 76093 79132 87232 89745 106782 109487 122886
1 34 39 110 339 356 480 527 608 837 838 1035 1476 1513 1569 1580 1612 1958 1997 2081 2321 2355 2384 2396 2671 2690 2706 2804 2858 2879 2997 3114 3160 3189 3409 3510 3515 3753 3969
1 3 62 104 135 733 736 780 805
899 903 1199 1333 1673 1748 2692 3160 3307 4235 5878 7064 26151
73 355 724 1270 1359 1515 1707 1965 2153 2379 2381 2383 2398 2539 2541 2605 2804 3157 3247 3868 4993 5952 7004 7153 8387 26614 33615 33794 49530 50872 58559 59018 79132 80463 81834 88125 89745 91529 98124
1 2 10 32 50 110 150 153 161 165 173 236 288 292 296 315 316 329 349 380 434 457 588 593
1 110 293 296 356 364 527 541 741 778 858 924 1175 1185 1258 1293 1721 1784 1884 1921 2291 2324 2329 2571 2959 3000 3147 3578 3677 3949 4011 4306 4878 4973 4993 4995 5010 5146 5218 5618 5669 5690 5902 5952 5971 5995 6016 6350 6373 6377 6539 7099 7153 7254 7256 7361 7982 8132 8582 8636 8784 8807 8874 8950 26662 26776 27156 27713 27731 27846 27878 30867 31410 31435 31658 32562 32587 33154 40629 44555 44633 45431 45517 45950 47404 47610 47999 48082 48394 48997 50601 51662 52319 53883 53894 54995 55247 55280 55442 55444 55814 56339 56607 56908 57368 57504 57669 58559 59118 59315 59387 59684 60069 60291 61240 62203 64575 64716 64993 65037 65514 67255 68157 68237 68954 69122 69757 70159 70286 70533 70567 71033 71379 71462 71899 72998 73017 73881 74677 76093 76173 77307 77837 78499 79029 79091 79132 79702 80463 80906 81591 84152 84187 84944 84952 85414 85736 85774 86298 87222 87232 95167 95311 95858 96737 96821 97752 97957 98809 99114 99145 100556 102445 106489 111759
2 161 356 466 653 736 750 780 897 912 919 920 969 976 1073 1085 1127 1196 1197 1198 1204 1208 1242 1254 1262 1272 1287 1291 1375 1376 1927 2115 2161 2202 2287 2406 2430 2471 2662 2944 2968 2987 3062 3196 3406 3417 3628 3643 3755 3959 4047 5060
10 110 161 165 292 296 339 356 357 367 368 440 480 527 589 780
913 1948 1959 1968 2605 2670 2683 2688 2699 2713 2722 2761 2763 2826 2827 2841 2881 2987 3157 3175 3219 3510 3543
357 866 1088 1295 1614 1735 2396 2858 3155 3255 3854 3967 3996 4014 4246 4896 4973 5380 5525 5791 5812 5816 5878 5992 6218 6370 6807 6942 7160 7615 8368 8966 27020 27721 31408 39183 40815 43744 44555 52545 54001 55451
111 165 968 1193 1610 1772 1917 2336 2396 2433 2470 2690 2699 2762 2986 3107 3178 3274 3434
318 1027 1088 1201 1203 1680 2150 3258 3638 3906 4963 5418 6378 8533 8665 26294 44197 44199 48516 48780 54286 56941 58803 60069 68157 71899 77846 78499 96655
6 32 65 104 141 260 376 637 648 653 719 724 733 780 786 788 805 832
1 10 16 29 39 47 50 101 104 111 176 216 223 246 250 293 296 318 337 356 377 441 456 457 480 527 529 541 586 593 778 916 919 922 923 926 951 953 1036 1060 1073 1089 1095 1097 1136 1193 1197 1198 1201 1206 1207 1208 1209 1213 1222 1225 1226 1228 1235 1250 1252 1256 1258 1259 1265 1266 1270 1283 1285 1288 1291 1302 1358 1380 1387 1393 1449 1466 1608 1617 1673 1682 1704 1721 1732 1907 1923 1947 1953 1954 1957 1968 2005 2006 2028 2052 2060 2115 2144 2186 2248 2300 2321 2329 2395 2420 2502 2542 2599 2617 2694 2700 2746 2761 2791 2797 2804 2858 2863 2918 2925 2953 2959 3034 3072 3079 3086 3089 3114 3160 3253 3360 3365 3421 3424 3480 3504 3606 3653 3671 3683 3751 3783 3791 3868 4016 4022 4027 4034 4054 4091 4226 4306 4370 4447 4571 4649 4771 4848 4878 4886 4896 4973 4993 5103 5377 5401 5418 5445 5673 5785 5816 5902 5952 5995 6016 6377 6732 6796 6863 6867 6874 6932 6936 7072 7132 7147 7153 7263 7361 7438 7451 8360 8368 8376 8641 8665 8807 8874 8917 8961 26084 27253 27773 32587 33495 33660 33794 34162 34528 35836 38038 38061 38886 39292 40629 40815 41566 44191 46578 46948 46970 48322 48516 48698 48982 49272 50514 50872 51255 51540 52245 52435 53123 54001 54256 54286 54503 54881 55805 55820 56333 56367 56757 56782 57669 58559 59118 60756 60950 61024 61132 63082 63131 64969 65188 67087 67734 67997 68157 68954 69122 69844 70286 70293 70728 71264 71466 71535 71579 72011 72171 72226 73023 74275 74416 74754 74916 76111 76251 78499 79091 79132 79592 79677 79702 80463 80549 81156 81562 81591 81834 83976 84116 85414 85438 86000 86884 87304 88125 88744 89492 89759 90374 90376 90600 90947 91199 92420 93422 93443 93510 93512 93721 94896 94959 95088 95510 96079 96467 96728 96829 96911 97306 97866 97938 99114 99764 100272 100556 102123 102800 102993 103141 103279 103624 104944 105197 105429 105844 106100 106144 106332 106438 106920 107348 107978 108932 110461 112138 112183 112421 112515 112552 113064 113829 113862 114342 114635 115569 116797 122882 127108 127152 127198 128360 128620 131168 133771 134853 139116 139385 139757 141890 142422 142488 146656 148881 152081 155392 156609 160590
11 17 21 34 110 151 163 260 265 293 318 337 357 380 440 468 497 509 527 534 538 555 590 608 635 728 800 858 914 921 1009 1028 1035 1036 1073 1079 1080 1081 1088 1094 1097 1101 1124 1125 1127 1130 1135 1136 1148 1185 1186 1193 1194 1196 1197 1198 1220 1221 1222 1224 1225 1227 1234 1242 1243 1246 1252 1258 1259 1263 1265 1278 1286 1291 1296 1299 1302 1307 1321 1327 1345 1346 1347 1350 1357 1358 1378 1380 1387 1393 1394 1408 1459 1476 1589 1597 1617 1641 1645 1663 1674 1704 1719 1784 1892 1914 1923 1947 1951 1953 1954 1955 1956 1957 1958 1961 1962 1964 1968 1982 1994 1997 2000 2001 2006 2013 2020 2028 2037 2070 2100 2109 2110 2114 2115 2125 2130 2174 2178 2193 2194 2240 2245 2268 2288 2291 2302 2313 5060
11 150 616 748 924 965 969 1019 1021 1200 1203 1214 1225 1269 1321 1367 1459 1608 1690 1917 1927 2133 2163 2180 2202 2311 2505 2788 2791 2792 2846 3070 3251 3420 3421 3510 3524 3555 3701 3706
32 50 150 296 300 412 480 527 541 720 745 858 912 1136 1148 1221 1673 2167 2329 2617 2692 2858 2959 3253 3578 3751 4993 5952 6787 7040 7153 7361 8961 34153
16 111 163 235 466 541 608 720 858 1080 1090 1208 1209 1219 1221 1653 1673 1732 2012 2174 2324 2640 2710 2797 3608 3949 4973 5060 5618 5690 5945 5959 5995 6350 6502 7361 7387 8638 8981 27773 27803 30749
50 104 231 500 587 592 1035 1136 1197 1500 1907 1968 2300 2502 2571 2572 2857 2918 4333 4993 5349 5618 5952 5971 6350 6863 7004 7153 7451 8961 26662 33679 33794 34162 40815 44191 44195 45720 46578 46970 46972 48394 48780 50872 52973 53322 53996 55566 56171 56174 56367 57669 58559 58998 59315 60069 60126
111 260 1196 1210 1270 2028 2918 2959 4226 5418 6016 8665 48774 54286 58559 68157 68237 70286 70862 79132 81591 85414 97304 103228 104374 104841 106782 106920 109487 111759 112290 112552 115713 119145 122882 134130 134853 139644 146656 160438
1 16 150 260 318 432 480 592 593 720 1059 1080 1193 1198 1214 1221 1259 1304 1356 1374 1408 1517 1573 1610 1639 1917 1954 2004 2046 2268 2393 2571 2628 2640 2699 2710 2791 2797 2858 2918 2959 2987 2997 3114 3176 3328 3471 3481 3578 3793 3868 3869 3897 3996 4306 4367 4369 4446 4846 4993 5349 5952 6333 6711 6863 7153
110 153 253 266 296 318 329 349 356 380 434 457 590 592 593
260 858 909 924 1077 1078 1084 1221 1230 1256 1278 1292 1299 1304 1952 2064 2289 2863 2871 2971 5060
21 110 260 356 377 457 480 589 593 608 832 858 908 1036 1092 1129 1179 1196 1198 1203 1240 1249 1270 1625 1954 2000 2058 2117 2194 2268 2605 2858 2947 2985 3633 3763
6 16 17 18 28 34 43 60 86 110 151 198 260 265 272 277 279 280 282 288 293 296 314 318 337 353 356 364 383 412 431 452 457 475 480 491 493 509 515 531 541 553 586 589 590 593 595 597 610 613 616 650 707 709 733 736 780 1027 1073 1084 1097
1 150 318 356 380 454 457 480 500 587 904 908 912 914 953 1035 1097 1196 1198 1231 1265 1270 1278 1291 1292 1302 1376 1393 1580 1608 1923 1951 1959 2174 2468 2716 2762 2918 3510 3699 4187 4306 4993 4995 5349 5816 5952 5989 6539 7153 8360 8623 8636 8961 8972 26562 31374 31685 56367
1 5 19 34 39 48 104 231 262 318 344 356 357 364 527 586 587 595 597 919 934 1020 1035 1073 1193 1265 1270 1682 1704 1721 1968 2011 2012 2028 2240 2302 2321 2355 2706 2918 2987 3114 3253 3791 4306 4886 4896 4993 5308 5816 5952 6377 6539 7153 7361 8961 68554 69757
1 3 5 17 25 26 32 36 52 58 61 62 63 76 79 81 82 86 92 95 100 107 112 135 141 376 608 609 613 628 631 653 661 667 694 704 707 708 711 719 733 736 745 762 780 785 786 788 799 802 805 832 839 849 852 880 891 1059 1061 1073 1356 1367
581 908 1171 1259 1284 1617 1673 1957 2858 3098 3125 3160 3481 3626 3920 3925 3930 3932 3965 3966
50 296 318 356 527 541 608 778 858 924 1206 1208 1213 1221 1222 1258 2324 2762 2858 2959 4022 4226 4262 4878 6711 50872 55820 56367 56782 60069 68954 92259 94959 106920 122882
1 6 16 25 32 36 39 47 50 69 110 147 175 198 215 216 223 233 235 246 247 260 266 293 296 300 318 319 322 353 356 364 428 456 457 471 480 482 493 508 520 527 541 553 555 588 590 592 593 595 608 628 735 741 745 778 858 904 909 919 940 968 1036 1060 1061 1080 1090 1097 1127 1129 1148 1185 1193 1194 1196 1197 1198 1199 1200 1201 1203 1204 1206 1208 1210 1213 1214 1215 1218 1221 1222 1228 1240 1241 1245 1252 1255 1257 1258 1261 1262 1263 1265 1266 1270 1274 1275 1282 1291 1293 1343 1345 1358 1374 1380 1387 1393 1394 1396 1407 1466 1500 1566 1587 1590 1617 1625 1673 1682 1704 1732 1748 1753 1784 1912 1916 1954 1961 1967 1968 1982 1994 1997 2000 2003 2004 2005 2009 2011 2018 2028 2076 2078 2093 2115 2123 2134 2138 2139 2140 2144 2174 2193 2194 2231 2232 2252 2278 2288 2289 2305 2318 2329 2360 2395 2396 2409 2420 2421 2427 2431 2455 2459 2467 2502 2529 2542 2560 2571 2580 2596 2599 2687 2692 2707 2712 2716 2728 2762 2804 2841 2858 2867 2871 2916 2918 2921 2924 2947 2948 2951 2952 2959 2985 2997 3006 3016 3019 3020 3034 3036 3104 3108 3114 3153 3174 3178 3213 3252 3263 3265 3298 3328 3362 3363 3424 3476 3479 3481 3499 3535 3552 3578 3581 3681 3696 3698 3706 3728 3735 3761 3843 3897 3948 3949 3970 3972 4006 4007 4011 4014 4027 4034 4103 4105 4226 4239 4262 4275 4306 4351 4361 4369 4438 4443 4444 4467 4519 4553 4577 4624 4641 4642 4713 4800 4846 4855 4873 4874 4878 4979 4993 4995 5010 5014 5064 5103 5146 5159 5165 5244 5329 5349 5540 5618 5666 5669 5673 5690 5746 5902 5903 5952 5954 5959 5989 6016 6025 6223 6323 6377 6440 6539 6559 6659 6708 6711 6731 6755 6796 6803 6816 6870 6874 7001 7007 7022 7063 7090 7099 7137 7153 7235 7285 7317 7361 7419 7438 7481 7482 7502 7802 7844 7976 8131 8340 8529 8638 8641 8784 8874 8906 8910 8950 8957 25962 26258 26547 26606 26704 26736 26842 27022 27032 27109 27317 27555 27604 27646 27660 27773 27801 27831 30707 30749 30810 31150 31435 32387 32587 33162 33166 33171 33794 37731 37733 40732 41997 43921 44191 44199 44245 44665 44761 44974 45506 46322 46976 47610 47997 48516 48696 48774 48780 49272 49817 50641 51277 51540 51931 52604 52952 53318 53468 53550 54331 54503 54997 55052 55094 55207 55247 55290 55721 55820 56145 56782 57669 58301 58351 58559 59995 60161 60293 60609 60756 62801 63082 63876 64197 64614 64716 64839 64900 64957 65126 65514 66090 66934 67255 68073 68157 68159 68237 68954 69481 69757 70465 71106 71135 71429 71466 71520 71535 72011 72226 72641 72733 72998 73023 73759 74416 74458 74545 74948 76093 76251 78499 79008 79091 79132 79274 79357 79702 80219 80463 80489 80693 81564 81591 81788 81834 81932 82459 82527 82667 83134 84152 84944 85342 85401 85414 85788 86142 86882 87192 87232 87234 87306 88118 88125 88163 89085 89745 89774 90531 91500 91529 91630 91658 93320 93510 93838 93840 93855 94070 94677 94864 94959 95088 95441 95475 95499 95510 95965 96004 96079 96610 96811 96821 97306 97752 97921 97938 98809 98829 98961 99114 99145 100159 100383 100714 101525 102123 102194 102252 102445 102993 103048 104841 104913 104944 105504 106022 106100 106782 106916 106920 107406 108583 108932 109074 109374 109487 110348 110501 111362 111759 111921 112183 112552 112556 112852 113252 114060 114662 114935 115122 115216 115569 115713 116797 117176 122882 122886 122890 122904 128360 134130 139130 139385 140715 141866 146656 152844 158238 162376
10 17 104 110 153 260 356 527 592 912 1059 1136 1196 1210 1272 1302 1377 1562 1584 1704 1722 1917 1918 1961 2000 2002 2028 2106 2167 2333 2396 2490 2541 2571 2572 2628 2700 2710 2762
32 161 253 260 318 353 356 377 527 541 589 708 904 908 923 933 953 955 1196 1198 1214 1219 1253 1258 1259 1270 1272 1278 1288 1291 1584 1672 2011 2161 2176 2300 2302 2423 2455 2502 2571 2692 2841 3007 3033 3408 3671 3959 4226 4799 4878 4973 4975 4993 5445 5782 5952 6820 7153 7254 7361 8581 8638 8957 33166 33794 34319 39446 42002
45 915 954 1096 1449 2020 2336 2948 3911 4321 44694
1 32 47 111 223 260 293 316 318 353 551 589 741 750 919 1073 1080 1129 1136 1196 1197 1198 1199 1200 1206 1210 1215 1220 1240 1262 1265 1282 1291 1321 1517 1527 1610 1676 1967 2005 2011 2105 2115 2139 2140 2167 2174 2275 2321 2502 2542 2571 2600 2683 2700 2716 2762 2788 2918 2959 2968 3000 3033 3052 3070 3147 3196 3204 3275 3396 3421 3471 3527 3671 3702 3703 3793 3994 4011 4467 4499 4886 5218 5349 5522 5618 5782 5903 6333 6350 6539 6541 6755 6807 6811 7099 7147 7236 7360 7373 7387 7649 7810 7811 7812 7841 7842 8157 8537 8636 8665 8874 8961 27831 31658 32587 33794 34405 37729 37857 40819 44191 45722 47518
10 16 32 39 47 50 141 172 185 193 223 253 260 296 316 318 329 345 349 356 377 500 508 540 589 593 648 736 778 780 858 1059 1094 1196 1200 1208 1210 1213 1222 1240 1270 1293 1345 1356 1371 1374 1375 1407 1513 1527 1552 1584 1610 1625 1644 1676 1680 1690 1704 1717 1721 1722 1732 1747 1805 1876 1917 1968 1997 2011 2012 2174 2231 2297 2329 2334 2336 2353 2393 2394 2541 2542 2571 2617 2628 2700 2706 2710 2858 2908 2916 2947 2959 2987 3052 3077 3082 3147 3256 3273 3298 3386 3418 3578 3617 3623 3753 3785 3793 3897 3908 3949 3979 3986 3996 4007 4011 4025 4128 4226 4239 4270 4308 4367 4369 4370 4388 4446 4641 4643 4718 4878 4973 4974 4993 4995 5010 5219 5378 5418 5445 5502 5669 5693 5872 5952 5989 5992 6016 6058 6365 6502 6552 6564 6793 6796 6874 6888 6934 6979 7153 7254 7323 7438 7458 7566 8361 8533 8622 8644 8665 8861 8874 26614 26712 27831 33166 33493 33794 36529 38499 39183 43679 44555 46335 46723 48774 50658 50740 50742 51662 51935 52767 52952 54001 54272 54286 56174 58559 65130 68358 69757 70678 72998 79132 81834 88125 88129 97673
356
6 7 16 21 25 32 45 73 112 156 608 616 661 671 745 778 780 783 800 805 1084 1104
111 154 306 549 668 750 872 903 904 910 922 924 1173 1176 1199 1206 1219 1222 1230 1232 1251 1258 1298 1719 1921 2010 2068 2131 2551 2673 2712 2730 2959 2997 3000 3083 3160 3415 3637 3788 3814 3910 3925 3949 3993 3996 4144 4271 4312 4334 4422 4437 4470 4658 4848 5028 5147 5269 5618 5686 5971 6123 6440 6509 6641 6643 6666 6711 6807 6993 7172 7323 7327 7361 7460 7564 7574 7820 7938 7979 8199 8239 8327 8338 8367 8485 8638 8983 26150 26228 26258 26318 26326 26578 26662 31437 31524 31930 36276 40491 45000 47274 48165 52528 52617 52885 56782 58425 61206 64701 65130 68967 69516 71108 73344 78836 81054 81786
34 39 47 50 110 150 231 253 266 296 300 318 339 356 364 588 590 593 595
6 39 50 141 150 205 224 235 266 272 356 370 441 514 608 663 750 778 904 908 923 1060 1077 1078 1197 1208 1210 1230 1233 1247 1257 1259 1265 1270 1276 1278 1288 1348 1394 1476 1500 1590 1639 1653 1732 1747 1777 1799 1961 2155 2291 2300 2302 2324 2359 2395 2406 2502 2599 2700 2716 2791 2795 2804 2858 2863 2918 2997 3022 3033 3037 3044 3114 3176 3198 3252 3261 3355 3359 3361 3362 3396 3398 3408 3421 3450 3481 3552 3671 3735 3751 3809 3814 3868 3897 4027 4034 4066 4174 4321 4322 4361 4388 4688 4886 4963 5060 5103 5135 5152 5377 5669 6863 6947 7028 8376 8493 8784 8807 8874
110 260 296 1036 1196 1210 2571 2916 2959 3301 3578 3624 3717 3753 3980 4148 4306 4720 4776 4886 4963 4993 4995 5010 5952 6016 6874 7153 7438 7458 8368 8961 31696 33646 33794 35836 45499 54286 58559 58803 64983 69122 72998 74458 74795 76093 89745 91529 92259 94777 106489 110102 116797 117176
2 10 21 110 153 161 165 173 227 231 234 255 256 288 292 293 296 315 316 317 318 329 333 344 349 356 367 368 377 380 410 432 442 457 480 500 543 548 553 589 592 593 597 616 648 733
14 17 18 26 28 29 30 32 35 36 39 41 47 58 68 72 81 85 97 116 141 147 150 151 154 171 178 194 203 213 218 223 229 232 235 242 247 249 253 254 260 265 269 272 290 296 299 300 306 307 308 318 319 329 337 342 345 357 364 365 369 435 444 461 471 475 482 497 501 509 515 527 534 535 538 541 550 551 555 585 593 594 596 608 633 665 671 720 728 766 778 1035 1041 1046 1073 1079 1148 1161 1354 1357
25 52 104 141 260 293 494 608 728 785 1357
7 36 47 141 150 223 260 318 339 353 356 357 364 497 508 509 527 541 551 594 596 778 913 914 919 924 1079 1101 1193 1197 1207 1225 1246 1259 1278 1282 1293 1307 1500 1527 1639 1641 1704 1732 2174 2291 2396 2502 2571 2599 2671 2692 2762 2797 2858 2959 2962 2997 3147 3160 3408 3448 3481 3897 4017 4022 4027 4034 4246 4886 4963 4973 4979 4993 5377 5418 5618 5995 6016 6377 6539 6711 6807 6873 6874 6881 6942 7147 7285 7361 7438 8228 8644 8665 8784 36517 40819 41566 46976 50872 51705 52668 54001 56367 57669 62344 63876 65261 66097 68954 69844 70293
1 107 110 165 231 260 296 303 316 318 344 364 428 480 500 588 589 590 648 780 1073 1240 1265 1617 1772 2028 2378 2571 2628 2683 2706 2762 2951 2959 2987 2991 3114 3254 3578 3638 3793 4886 4896 4963 5219 5349 5418 5952 6365 6539 6874 7153 7438 7454 8528 33794 45722 48516 49272 51662 58559 59315
1 6 29 32 36 81 260 608 648 733 778 800 802 832 837 866 986 1047 1061 1183 1351 1356 1367 1407 1422 1472 1500 1527 1552 1554 1569 1580 1584 1590 1597
1 19 104 110 216 231 260 318 356 370 380 466 527 588 589 1036 1047 1097 1196 1198 1200 1210 1214 1240 1265 1270 1291 1573 1682 2028 2571 2706 2791 2948 3114 3578 3623 3869 3996 4306 4718 4886 4973 4993 5218 5418 5952 7153 7317 7346 8360 30825 33679 33794 34162 35836 44022 44191 45186 54272 54286 54503 58559 59315 59369 66798 68358 68954 69122 71535 73017 74851 76093 78499 79132 79185 79293 81229 81564 85414 87232 89745 91542 91630 92259 92507 93326 93510 94466 96610 97913 98809 103335 103810 103883 104374 106489 106782 109374 110102 111781 112138 112175 112623 112852 115617 134368 134853 138036
1 11 21 32 34 45 47 50 110 112 141 161 163 204 223 235 247 293 296 300 318 319 356 368 380 457 471 474 480 497 527 553 555 589 590 595 608 648 778
1 17 21 34 39 150 260 337 339 377 457 508 529 539 590 595 858 898 904 908 912 919 920 923 1079 1097 1193 1197 1198 1225 1234 1259 1265 1278 1304 1307 1394 1610 1641 1704 1721 1747 1912 1961 2194 2268 2302 2321 2396 2599 2797 2918 3101 3114 3317 3751 3897 4029 4246 4361 4963 4979 4993 4995 5952 5989 6711 7153 8949 8961 27790 41566 44195 46578 54328 56367 59315 68954 72011 72998 77561 78499 79132 81845 82459
1 50 110 150 231 296 318 356 527 590 593 858 1131 1213 1222 1270 1610 1653 1676 1682 1704 1721 1961 1962 2028 2324 2329 2423 2501 2571 2804 2858 2959 3105 3147 3178 3578 3753 3949 4022 4226 4306 4878 4973 4993 4995 5010 5349 5418 5952 5989 5991 6377 6863 7153 8132 30707 30749 32587 33166 33660 35836 40414 40819 44191 46578 46976 48516 48738 51662 55118 58559 58706 59784 60069 63062 64614 64957 68954 69122 70286 71535 72641 72998 78499 79132
6 11 16 19 24 63 70 86 88 198 222 223 236 253 260 261 266 296 339 357 364 366 382 457 480 553 593 610 733 778 780 785 968 999 1022 1059 1088 1093 1127 1130 1198 1210 1214 1215 1219 1246 1258 1261 1268 1320 1321 1327 1330 1339 1342 1345 1347 1350 1370 1377 1387 1388 1389 1393 1407 1513 1645 1717 1909 1969 1970 1971 1974 1982 1994 2003 2004 2005 2028 2081 2107 2109 2118 2119 2123 2148 2167 2193 2279 2294 2327 2336 2353 2389 2394 2395 2396 2428 2443 2451 2455 2459 2461 2470 2485 2513 2541 2572 2580 2581 2599 2600 2617 2628 2657 2683 2694 2699 2706 2710 2716 2717 2746 2762 2787 2793 2841 2858 2867 2868 2881 2901 2907 2908 2928 2959 2985 2987 3005 3016 3033 3081 3107 3146 3168 3185 3203 3255 3257 3258 3261 3264 3285 3298 3300 3408 3409 3477 3481 3499 3510 3578 3617 3660 3702 3752 3793 3863 3917 3918 3948 3967 4002 4008 4030 4036 4081 4085 4105 4128 4135 4140 4148 4205 4213 4321 4351 4369 4480 4490 4499 4501 4520 4561 4618 4670 4681 4682 4700 4718 4734 4865 4993 5025 5203 5222 5292 5308 5346 5349 5378
50 608 750 903 904 905 908 910 912 913 922 923 926 930 951 969 1104 1212 1219 1235 1247 1252 1267 1284 1285 1617 1912 2208 2908 3435 3736 3739 4226 5008 5114 6254 6273 6650 7013 7056 7116 7361 7587 7831 8094 8128 8765 25850 25868 25947 30712 32525 47202 48516 55118 55276
32 50 296 318 541 608 750 899 923 926 1136 1196 1197 1201 1203 1210 1212 1262 1267 1288 1732 2019 2324 2395 2502 3911 4816 4878 4973 5618 5971 6711 6863 8641 30810 44199 44555 46578 46976 54503 55269 55820 56367 56782 61024 72226
296 356 597 724 902 1197 1198 1215 1261 1527 1569 1704 1721 1732 1967 2144 2321 2572 2617 2724 2762 4014 4246 4447 4878 5620 6593 6874 7081 7154 7438 7444 8360 8522 8533 8874 8969 25801 31685 45720 56949 64034 71535 81834 84374 88163 88810 106782 115617 122904 156025
1 39 50 318 356 357 377 457 480 509 527 593 595 596 608 647 720 750 838 898 899 903 904 908 912 913 914 918 923 928 951 953 968 969 1012 1028 1084 1103 1204 1207 1210 1233 1250 1276 1304 1333 1617 1619 1670 1721 1735 1748 1909 1945 1947 1948 1950 1952 2018 2028 2067 2080 2096 2099 2324 2355 2391 2427 2442 2599 2677 2692 2858 2908 2912 2997 3129 3147 3160 3408 3752 3910 3967 3996 4014 4034 4226 4246 4380 4641 4881 4973 4993 4995 5013 5349 5952 5991
1 3 25 32 608 745 802 1073 1356
